exercisedb=# SELECT * FROM orders;
 id | customer_id | amount 
----+-------------+--------
  1 |           6 |  63.35
  2 |           5 |  55.42
  3 |           7 |   91.7
  4 |           4 |  49.52
  5 |           4 |   4.81
  6 |           5 |  65.82
  7 |           4 |  25.91
  8 |           8 |  64.59
  9 |           3 |  68.89
 10 |           7 |  85.04
 11 |           1 |  19.67
 12 |           6 |  29.74
 13 |           5 |  61.56
 14 |           6 |  30.24
 15 |           1 |   5.67
 16 |           9 |  31.45
 17 |           2 |   1.69
 18 |          10 |  30.91
 19 |           3 |  97.11
 20 |           2 |    5.4
 21 |           1 |  55.97
 22 |           4 |  44.42
 23 |          10 |  80.77
 24 |           7 |  11.16
exercisedb=# SELECT sum(amount) FROM orders;
   sum   
---------
 2466.41
(1 row)

exercisedb=# 