
exercisedb=# SELECT * FROM orders;
 id | customer_id | amount 
----+-------------+--------
  1 |           6 |  63.35
  2 |           5 |  55.42
  3 |           7 |   91.7
  4 |           4 |  49.52
  5 |           4 |   4.81
  6 |           5 |  65.82
  7 |           4 |  25.91
  8 |           8 |  64.59
  9 |           3 |  68.89
 10 |           7 |  85.04
 11 |           1 |  19.67
 12 |           6 |  29.74
 13 |           5 |  61.56
 14 |           6 |  30.24
 15 |           1 |   5.67
 16 |           9 |  31.45
 17 |           2 |   1.69
 18 |          10 |  30.91
 19 |           3 |  97.11
 20 |           2 |    5.4
 21 |           1 |  55.97


exercisedb=# SELECT customer_id, sum(amount) FROM orders GROUP BY customer_id Order by customer_id;
 customer_id |  sum   
-------------+--------
           1 | 156.07
           2 |   7.09
           3 | 387.53
           4 | 287.42
           5 | 376.34
           6 | 268.87
           7 | 393.02
           8 | 231.74
           9 |  44.78
          10 | 313.55
(10 rows)

